200
200
200
200
200
200
200
200
200
200
200
200
200
200
200
200
200
198
191
184
178
172
166
161
156
152
148
144
140
137
134
98
96
94
92
90
89
87
85
84
83
81
80
79
78
77
76
75
74
73
72
71
70
70
69
68
68
67
67
66
65
65
65
64
64
63
63
63
62
62
62
62
61
61
61
61
61
61
60
60
60
60
60
60
60
60
60
60
60
61
61
61
61
61
61
62
62
62
62
63
63
63
64
64
65
65
65
66
66
67
68
68
69
70
70
71
72
73
74
74
75
76
78
79
80
81
82
84
85
87
88
90
92
94
96
98
133
137
140
144
147
152
156
161
166
171
177
183
190
197
200
200
200
200
200
200
200
200
200
200
200
200
200
200
200
200
200
200
200
200
200
200
200
200
200
200
200
200
200
200
200
200
200
200
200
200
200
200
200
200
200
192
182
173
165
158
152
146
140
135
130
126
122
118
115
112
109
106
103
101
98
96
94
92
90
88
87
85
83
82
81
79
78
77
76
75
74
73
72
71
70
69
69
68
67
67
66
65
65
64
64
63
63
63
62
62
62
61
61
61
60
60
60
60
60
59
59
59
59
59
59
59
59
59
59
59
59
59
59
59
59
59
60
60
60
60
60
61
61
61
61
62
62
63
63
63
64
64
65
65
66
67
67
68
69
69
70
71
72
73
74
75
76
77
78
79
80
82
83
85
86
88
90
92
94
96
98
100
103
105
108
111
114
118
122
126
130
133
132
131
130
129
128
127
127
126
133
141
145
144
143
143
142
142
141
141
156
182
200
200
200
200
200
200
200
200
200
200
200
200
0
