43
43
44
45
45
46
47
48
48
49
50
51
52
53
55
56
57
58
60
61
63
65
144
149
153
159
164
170
176
183
200
200
200
200
200
200
200
200
200
200
200
200
200
200
200
200
200
200
200
200
200
200
200
200
200
155
155
155
156
156
156
157
157
145
132
121
118
119
119
120
120
121
122
122
123
121
116
111
107
103
99
96
93
90
88
85
83
81
79
77
75
73
72
70
69
67
66
65
64
63
62
61
60
59
58
57
59
60
61
63
65
67
68
71
73
75
78
81
84
87
90
94
99
103
109
114
121
128
137
146
157
170
186
200
200
200
200
200
200
200
200
200
200
200
200
200
200
200
200
200
200
200
200
200
200
200
200
200
200
200
200
200
200
200
200
200
200
158
152
147
142
137
132
128
125
121
118
115
112
109
107
104
102
100
98
96
94
92
91
89
88
86
85
84
82
81
80
79
78
77
76
76
75
74
73
73
72
71
71
70
70
69
70
74
77
82
86
92
98
104
112
122
132
146
162
182
200
200
200
200
200
200
200
200
200
200
200
200
200
200
200
200
200
200
200
200
200
200
200
198
186
176
167
159
152
145
139
134
129
124
120
116
112
109
106
103
100
97
95
92
90
88
86
84
85
86
88
89
91
92
94
96
98
100
102
104
107
109
112
115
118
121
125
129
133
137
142
147
148
147
146
145
144
143
142
141
140
140
139
138
138
137
137
136
136
135
135
135
135
134
134
134
134
134
134
134
134
134
135
135
135
135
136
89
81
74
68
64
59
56
53
50
47
45
43
41
39
38
38
38
38
39
39
40
40
40
41
41
42
42
