200
200
200
168
156
146
137
129
122
115
111
112
113
114
114
115
116
117
118
120
121
122
123
125
126
128
129
156
158
186
189
191
194
197
200
200
200
200
200
200
200
200
200
200
200
200
200
200
200
200
200
200
200
200
200
200
200
62
61
61
61
60
60
60
59
59
59
58
58
58
58
58
58
57
57
57
57
57
57
57
57
57
57
57
57
57
57
57
57
58
58
58
58
58
59
59
59
59
60
60
61
61
61
62
62
63
63
64
64
65
66
66
67
68
69
69
70
71
72
73
74
75
77
78
79
80
82
83
85
87
89
90
92
95
97
99
102
104
107
110
114
117
121
125
200
200
200
200
200
200
200
200
200
200
200
200
200
200
200
200
200
200
200
200
200
200
200
200
200
200
200
200
200
200
200
200
200
200
200
200
200
200
200
191
180
180
181
182
183
184
185
187
188
189
191
192
194
195
197
199
85
83
80
78
76
74
72
71
69
67
66
65
63
62
61
60
59
58
57
56
55
54
54
53
52
52
51
50
50
49
49
48
48
47
47
47
46
46
45
45
45
45
44
44
44
44
43
43
43
43
43
43
43
42
42
42
42
42
42
42
42
42
42
42
42
42
42
42
42
43
43
43
43
43
43
44
44
44
44
44
45
45
45
46
46
46
47
47
48
48
49
49
50
50
51
51
52
53
53
54
55
56
57
58
59
60
61
171
168
166
163
161
159
157
155
153
151
149
147
146
144
143
141
140
139
138
137
136
135
134
133
132
136
144
152
162
173
186
200
200
200
200
200
200
200
200
200
200
200
200
200
200
200
200
200
200
200
200
200
200
