163
162
162
162
161
161
161
161
161
161
161
161
161
161
161
162
162
162
163
163
164
165
165
166
167
167
168
169
170
171
173
174
175
176
178
179
181
111
108
104
101
99
96
93
91
89
87
85
83
81
80
78
77
75
74
73
71
70
69
68
67
66
65
65
64
63
62
62
61
60
60
59
59
58
58
57
57
56
56
56
55
55
55
54
54
54
54
53
53
53
53
53
53
53
52
52
52
52
92
132
132
132
132
133
133
133
133
134
134
134
135
135
136
136
137
138
138
139
140
141
142
143
144
145
146
147
149
150
152
153
151
147
143
140
137
139
141
143
145
147
149
200
200
200
200
200
200
200
200
200
200
200
200
200
200
200
200
200
200
200
200
200
200
200
200
200
200
200
200
200
200
200
200
200
200
200
200
200
200
200
200
200
200
119
119
118
118
118
118
118
118
118
118
99
80
79
79
79
79
79
80
80
80
81
81
81
82
82
83
83
84
84
85
86
86
87
88
89
90
91
91
92
93
95
96
97
98
100
101
102
102
100
98
96
94
93
91
90
88
87
86
85
83
82
81
80
80
79
78
77
76
76
75
74
74
73
72
72
71
71
71
70
70
69
69
69
68
68
68
68
68
67
67
67
67
67
67
67
67
67
67
67
67
67
67
67
67
67
68
68
68
68
69
69
69
70
70
70
71
71
72
72
73
73
74
74
75
76
77
77
78
79
80
81
82
83
84
85
86
87
89
90
92
93
95
97
98
100
102
104
107
109
112
114
117
120
124
127
131
135
139
144
148
154
160
166
173
173
172
171
170
169
168
167
166
166
165
164
164
163
